1.656634034353366047e+01 -1.138624212261820290e+01 1.142984148627939511e+01
1.656449370795734666e+01 -1.140273133648881476e+01 1.138669861918063120e+01
1.665214169830848334e+01 -1.139386369779539265e+01 1.130359924717549092e+01
1.665214169830848334e+01 -1.139386369779539265e+01 1.130359924717549092e+01
1.669513947824706790e+01 -1.143033601675276323e+01 1.118877125747268941e+01
1.675225942474030560e+01 -1.138566726899028581e+01 1.117655661245840726e+01
1.677944971309014122e+01 -1.145555098749539624e+01 1.108571291719482765e+01
1.680713335028886135e+01 -1.140745932046721833e+01 1.108113380240585855e+01
1.685526006890374973e+01 -1.143405613761846951e+01 1.100173432929578432e+01
1.688528598262615077e+01 -1.144896884757048028e+01 1.096075925414606900e+01
1.692825849591389442e+01 -1.144106102935041669e+01 1.090636906110402293e+01
1.697622910744870950e+01 -1.141151739736492132e+01 1.084997124057447238e+01
1.698895166028410841e+01 -1.140251541625639575e+01 1.084047325883409307e+01
1.706746237831393032e+01 -1.137545897620278801e+01 1.075082104870415201e+01
1.710049680401438366e+01 -1.138212855200276508e+01 1.067778005315321366e+01
1.711924241228940957e+01 -1.139422111285740336e+01 1.063543611192059046e+01
1.713913888966635213e+01 -1.138714339524507935e+01 1.061593658193105227e+01
1.717966765392962714e+01 -1.138625487988780804e+01 1.056453048738840650e+01
1.726220578674634965e+01 -1.135661479559916387e+01 1.050344748777570558e+01
1.732132574792020208e+01 -1.135823244408721244e+01 1.043098557897967815e+01
1.733482722516695063e+01 -1.136459159533013441e+01 1.040673065903078331e+01
1.733482722516695063e+01 -1.136459159533013441e+01 1.040673065903078331e+01
1.742976199951865723e+01 -1.137547305262850017e+01 1.031706298442741776e+01
1.747387008105881634e+01 -1.134773136135635951e+01 1.028726039403212411e+01
1.752285896589657810e+01 -1.133725060956151154e+01 1.023125792123123290e+01
1.759605759903163857e+01 -1.132992028353898739e+01 1.015204810848310046e+01
1.760329957743638829e+01 -1.135392690315392628e+01 1.011928924604220725e+01
1.760329957743638829e+01 -1.135392690315392628e+01 1.011928924604220725e+01
1.773362482932429174e+01 -1.130895802937127925e+01 9.957453430890815582e+00
1.773362482932429174e+01 -1.130895802937127925e+01 9.957453430890815582e+00
1.774024458032562279e+01 -1.131408889893942771e+01 9.938449656829476453e+00
1.780651447278714272e+01 -1.130485772299083891e+01 9.833109980860037069e+00
1.780651447278714272e+01 -1.130485772299083891e+01 9.833109980860037069e+00
1.787483833945373490e+01 -1.124899531613121262e+01 9.828329525498697095e+00
1.792326335404342075e+01 -1.124812405335858401e+01 9.735963649277055154e+00
1.796255160024849928e+01 -1.123954876287832860e+01 9.684039792647576306e+00
1.799430320734688138e+01 -1.123975146289624938e+01 9.649820056929172551e+00
1.804228508108571205e+01 -1.124148293980431035e+01 9.599861418822689174e+00
1.811095735821628594e+01 -1.122567665501275691e+01 9.558132985874005172e+00
1.811387352152681629e+01 -1.123718745465098579e+01 9.505014417707490892e+00
1.817285798443895573e+01 -1.119918948818602189e+01 9.467672834805137327e+00
1.821622220973318562e+01 -1.117442272771655709e+01 9.410334914497683556e+00
1.826170027658540462e+01 -1.114864207752778391e+01 9.418643432364145696e+00
1.833152393347814524e+01 -1.111868857963390944e+01 9.328911989525069615e+00
1.834730534973903815e+01 -1.111274417078154997e+01 9.326746780970896822e+00
1.838997338231790835e+01 -1.108999948161835647e+01 9.270607916091886835e+00
1.843040421923221217e+01 -1.107207115584578361e+01 9.240103037588154322e+00
1.849584327686645224e+01 -1.103812234395496539e+01 9.163164243677011100e+00
1.853333956357354140e+01 -1.103522664489269189e+01 9.193818612533899426e+00
1.856173537361721415e+01 -1.101595988033502316e+01 9.140620937238518096e+00
1.857801821858028291e+01 -1.099955905989753546e+01 9.079157418112231426e+00
1.864536946959085029e+01 -1.097765307151080094e+01 9.072383713523716864e+00
1.868351861431619909e+01 -1.096548458384376445e+01 9.073627198780997105e+00
1.876451597392651394e+01 -1.092296309094226103e+01 8.998388756210710326e+00
1.877025133431732939e+01 -1.091583933817518570e+01 8.971695709274296604e+00
1.883698023344621930e+01 -1.089244791319573480e+01 8.968977266923801039e+00
1.885991844558044761e+01 -1.088091528059791635e+01 8.942698763757498170e+00
1.891041521129138303e+01 -1.084377783626532477e+01 8.926182589746279206e+00
1.898555673498595198e+01 -1.080392731705973475e+01 8.916130734076503472e+00
1.900183922641734569e+01 -1.078443612267485463e+01 8.872925559479057256e+00
1.905499038300907344e+01 -1.074903817576663734e+01 8.856728683922337808e+00
1.909444328113772116e+01 -1.070698247899827571e+01 8.790016339247257449e+00
1.913831377817660240e+01 -1.067209293467126230e+01 8.756750282166494870e+00
1.915601592006617437e+01 -1.066255513075547157e+01 8.761837001415132775e+00
1.919804282549706542e+01 -1.063295467408631367e+01 8.752643819145117021e+00
1.926782984051832415e+01 -1.058435876575359025e+01 8.744760381809120631e+00
1.927352653701948526e+01 -1.057414933841331006e+01 8.724597639128676363e+00
1.933973705348673988e+01 -1.051554347734332140e+01 8.678003302252877305e+00
1.937826744617165176e+01 -1.048775604739843992e+01 8.678031554017547222e+00
1.942726274122513530e+01 -1.045517784676420092e+01 8.681192899667959040e+00
1.942065258544415585e+01 -1.044519657594833895e+01 8.616954131068915501e+00
1.948783469371475618e+01 -1.039476482425157400e+01 8.640826230180254086e+00
1.952560500491499340e+01 -1.035265640855303637e+01 8.616862021931856574e+00
1.957327470506164246e+01 -1.031193027851485589e+01 8.619554505906247499e+00
1.957286806793064571e+01 -1.030025897981424166e+01 8.581864892117266663e+00
1.963241650694543949e+01 -1.024320173964757075e+01 8.564708500921133449e+00
1.968016894383058712e+01 -1.020600702264068360e+01 8.581573463940175728e+00
1.970680607867080880e+01 -1.017652809707623085e+01 8.545507735876652688e+00
1.974394413819765504e+01 -1.014445915169660495e+01 8.550545361850412363e+00
1.979923681415389680e+01 -1.009415870049020292e+01 8.531180978047082419e+00
1.981946555935594034e+01 -1.007311109073973654e+01 8.526362737548623727e+00
1.986466248507013432e+01 -1.002370547082557906e+01 8.545894709251324883e+00
1.989368144674369887e+01 -9.986090743297562966e+00 8.572086610252373617e+00
1.994357580951219333e+01 -9.903998392533601702e+00 8.521823435835630178e+00
1.994357580951219333e+01 -9.903998392533601702e+00 8.521823435835630178e+00
1.999560611276832844e+01 -9.822522419846869468e+00 8.507383346834210158e+00
1.999560611276832844e+01 -9.822522419846869468e+00 8.507383346834210158e+00
2.005565414859826490e+01 -9.719823220295863209e+00 8.523229348625493529e+00
2.005565414859826490e+01 -9.719823220295863209e+00 8.523229348625493529e+00
2.005565414859826490e+01 -9.719823220295863209e+00 8.523229348625493529e+00
2.013814005407404295e+01 -9.588576765202486030e+00 8.547945106823023664e+00
2.015542707139134748e+01 -9.552592809351509118e+00 8.533005910166808761e+00
2.016176949019644837e+01 -9.535819657247223802e+00 8.517403694383705925e+00
2.018150203619300243e+01 -9.494138222355312351e+00 8.497225149604606287e+00
2.022344862834368939e+01 -9.424513701003535360e+00 8.501561726533221730e+00
2.022344862834368939e+01 -9.424513701003535360e+00 8.501561726533221730e+00
2.026038254929743943e+01 -9.360551173320892815e+00 8.492778684839304759e+00
2.030235375965229849e+01 -9.296663262276569029e+00 8.541363973929019693e+00
2.031720202114745177e+01 -9.255415592596472507e+00 8.494131591863478548e+00
2.035486659206327431e+01 -9.195103136664460663e+00 8.519337362401401492e+00
2.035486659206327431e+01 -9.195103136664460663e+00 8.519337362401401492e+00
2.038867305007621411e+01 -9.146018727697786233e+00 8.533290431993382441e+00
2.043866030714325532e+01 -9.085020942553349244e+00 8.554951759622278828e+00
2.047058671503376104e+01 -9.031239475019326335e+00 8.560048332524864634e+00
2.047581565820493665e+01 -9.019890034324669514e+00 8.563224556006272081e+00
2.052540235597321328e+01 -8.911961018740131024e+00 8.595820736079080149e+00
2.053222599137610160e+01 -8.886183477746360637e+00 8.565029843306049884e+00
2.053222599137610160e+01 -8.886183477746360637e+00 8.565029843306049884e+00
2.055400237176983325e+01 -8.801189024467134914e+00 8.570637945121823975e+00
2.056893701403429020e+01 -8.742151080728705281e+00 8.587104091153895169e+00
2.057110092553084968e+01 -8.739373529140989305e+00 8.599032667014856912e+00
2.060327884227571715e+01 -8.637692714885620404e+00 8.648176809227084760e+00
2.061468929402939310e+01 -8.599811794651635921e+00 8.653484975422342629e+00
2.061468929402939310e+01 -8.599811794651635921e+00 8.653484975422342629e+00
2.063326484114562476e+01 -8.561551024174496760e+00 8.706269957394283665e+00
2.067812227898115296e+01 -8.396522443451658546e+00 8.683387558751048729e+00
2.067812227898115296e+01 -8.396522443451658546e+00 8.683387558751048729e+00
2.067812227898115296e+01 -8.396522443451658546e+00 8.683387558751048729e+00
2.071459786995638552e+01 -8.293729737996555329e+00 8.713726500268231590e+00
2.071632600614341158e+01 -8.278578965334091322e+00 8.691766680702862402e+00
2.073791961483027890e+01 -8.219327021511778852e+00 8.716835464478453588e+00
2.076260886554045371e+01 -8.155645946104039368e+00 8.785506488854334606e+00
2.076399062772896897e+01 -8.139971492917510432e+00 8.781113901609531425e+00
2.078340186031790182e+01 -8.067489054761551870e+00 8.812959973033798633e+00
2.078979445641850532e+01 -8.001467761686150482e+00 8.790912504824170526e+00
2.079784848774336581e+01 -7.958951046288051501e+00 8.812683842314259053e+00
2.080802587571807649e+01 -7.913812077985125093e+00 8.868758173717512960e+00
2.081719073553472299e+01 -7.851884551510917021e+00 8.854789603591113334e+00
2.082107476271799840e+01 -7.811487963675386226e+00 8.885919469514304225e+00
2.083661510916007487e+01 -7.755270462232637385e+00 8.925693633852908704e+00
2.084311649287143808e+01 -7.720542704663828637e+00 8.935864058846606284e+00
2.084653380511020515e+01 -7.632121334708638294e+00 8.942195489981235923e+00
2.085520127888615249e+01 -7.607393584857085500e+00 8.994884818661011749e+00
2.085646462165189163e+01 -7.562493422357252193e+00 8.999937684523068526e+00
2.086114297533443107e+01 -7.534985684548010987e+00 9.027476459973975409e+00
2.086152214491690415e+01 -7.470566125789482648e+00 9.016984100121693047e+00
2.086717987088234239e+01 -7.448618349970296926e+00 9.064099576990232165e+00
2.086893308540896186e+01 -7.339558793040811047e+00 9.082484543842044289e+00
2.087009507607456982e+01 -7.318722081493298504e+00 9.114738737974324323e+00
2.086251137367671760e+01 -7.248962858166565049e+00 9.132243083082185464e+00
2.085422073358747852e+01 -7.179279825990855457e+00 9.142877019916861414e+00
2.085013590247067583e+01 -7.146347228612315305e+00 9.164110181284845780e+00
2.084631281891684651e+01 -7.091130713141862607e+00 9.221076009336131918e+00
2.084631281891684651e+01 -7.091130713141862607e+00 9.221076009336131918e+00
2.083478736439725765e+01 -7.005235407564016192e+00 9.282307640732181397e+00
2.080891777586780478e+01 -6.928034901212454244e+00 9.252221729245103887e+00
2.079230106970702252e+01 -6.850424636456919458e+00 9.317157987415273013e+00
2.079230106970702252e+01 -6.850424636456919458e+00 9.317157987415273013e+00
2.077056144009836203e+01 -6.761454064620862958e+00 9.351696988638746433e+00
2.076759463180604115e+01 -6.742375157063034585e+00 9.346931108259015630e+00
2.074472201658095116e+01 -6.655464370469124091e+00 9.419254681012642294e+00
2.074472201658095116e+01 -6.655464370469124091e+00 9.419254681012642294e+00
2.072851121103818173e+01 -6.595923254360727128e+00 9.485530046204935672e+00
2.071393372053374549e+01 -6.539815405401462556e+00 9.499766530693934286e+00
2.069776220156725799e+01 -6.495726958654953087e+00 9.521113472807897438e+00
2.067789785506526457e+01 -6.428388786399695576e+00 9.534898505762255283e+00
2.066662127558236506e+01 -6.374186282370621015e+00 9.524186985987565635e+00
2.065069576741765189e+01 -6.348858358035567306e+00 9.600854238535987406e+00
2.063144026828875965e+01 -6.299183289341938163e+00 9.642633526763862761e+00
2.062368050600868585e+01 -6.254405922099872228e+00 9.614090295398344921e+00
2.059040804255306156e+01 -6.193537119642700262e+00 9.706721316926977039e+00
2.057214261568119440e+01 -6.139465015839919992e+00 9.693472135649845001e+00
2.056143612755844430e+01 -6.106592190981577239e+00 9.700325547256062109e+00
2.054141188623074754e+01 -6.074383750549296579e+00 9.743528014398052051e+00
2.049903177679832567e+01 -5.999221103501973573e+00 9.817101697128970628e+00
2.049496843596919504e+01 -5.988586185693428376e+00 9.820378189791002299e+00
2.047688888227114035e+01 -5.896452253796037546e+00 9.799014501153585854e+00
2.043799859965382382e+01 -5.835477666651161854e+00 9.852115042080638929e+00
2.042187019884167043e+01 -5.809119263184697957e+00 9.870258614428948363e+00
2.038725929207218712e+01 -5.788056547759127035e+00 9.938009579574227814e+00
2.038835540176447125e+01 -5.740843181636523518e+00 9.907616291818788667e+00
2.034975726106495131e+01 -5.680829979987843004e+00 9.955592010371402623e+00
2.031280981080267978e+01 -5.612102871964474993e+00 9.981401739536945428e+00
2.027806426183108002e+01 -5.563378482275955328e+00 1.001360258754410282e+01
2.026940137705516420e+01 -5.556450207791514551e+00 1.002495171896471327e+01
2.023012567614588164e+01 -5.497073117278671539e+00 1.005875075808266672e+01
2.019503692088112246e+01 -5.439110936215593384e+00 1.008185366026134666e+01
2.016410628649193626e+01 -5.436031171709553078e+00 1.013959797046322997e+01
2.011682139023212912e+01 -5.351952184608126828e+00 1.017952344736732861e+01
2.009868355505315307e+01 -5.306957921344821472e+00 1.019371845416512912e+01
2.007170562832100913e+01 -5.275173232528699963e+00 1.022101609173334680e+01
2.004421765623546392e+01 -5.232512464544928577e+00 1.022730009969014198e+01
2.000145247784104896e+01 -5.186371782765430538e+00 1.026113647946854890e+01
1.998094617718523480e+01 -5.146656489421599368e+00 1.026164559827357969e+01
1.989206551991563998e+01 -5.068943239278093316e+00 1.034987052499997517e+01
1.989206551991563998e+01 -5.068943239278093316e+00 1.034987052499997517e+01
1.984226641056655183e+01 -5.028273130225871412e+00 1.039733612072887325e+01
1.981256286599881022e+01 -4.957296181566992033e+00 1.037413941417221430e+01
1.977096740271344188e+01 -4.910172046474735374e+00 1.040843499791213667e+01
1.973328511538841568e+01 -4.878150043794293289e+00 1.043920627471758067e+01
1.973328511538841568e+01 -4.878150043794293289e+00 1.043920627471758067e+01
1.964695271859477899e+01 -4.767916479752592807e+00 1.049396897813443275e+01
1.964695271859477899e+01 -4.767916479752592807e+00 1.049396897813443275e+01
1.960944007281410961e+01 -4.714872778649367824e+00 1.051706582238911381e+01
1.952775622570244352e+01 -4.665025290115404566e+00 1.059368038060230077e+01
1.952775622570244352e+01 -4.665025290115404566e+00 1.059368038060230077e+01
1.948962191439775182e+01 -4.605441310761801077e+00 1.060461763107256772e+01
1.943421546840092518e+01 -4.562440017562205519e+00 1.063051370599133705e+01
1.938385262356138128e+01 -4.518188561159446337e+00 1.065445287115636575e+01
1.933515429627720650e+01 -4.485415656951554197e+00 1.069040855782280985e+01
1.930476214873690921e+01 -4.468014646497709741e+00 1.071519704165197595e+01
1.924544293850659926e+01 -4.414618623242900775e+00 1.072857407381219730e+01
1.923271808937427707e+01 -4.382890976489524526e+00 1.071784981691868666e+01
1.919383169213300633e+01 -4.369339815284360995e+00 1.074262443708661507e+01
1.916227598298011259e+01 -4.353490934986258054e+00 1.076908302628040737e+01
1.907359989000063649e+01 -4.289380893390623228e+00 1.079966691898669495e+01
1.903724073139559181e+01 -4.266363492644271282e+00 1.081116462489067409e+01
1.900526930831637529e+01 -4.261745893291262632e+00 1.086386686414855340e+01
1.892971059609196516e+01 -4.206172908235139118e+00 1.086925789691960986e+01
1.887666587921133399e+01 -4.170820954597407315e+00 1.088992873965260166e+01
1.883504623390950172e+01 -4.145258257971191185e+00 1.092456362474169573e+01
1.881181527061569625e+01 -4.127047575992694561e+00 1.092225630812883175e+01
1.875624854212676595e+01 -4.084431279756876698e+00 1.093069920034103504e+01
1.870117474135681235e+01 -4.031747260575762049e+00 1.091250870162764386e+01
1.866334928824117156e+01 -4.020959116065693451e+00 1.096749792002000667e+01
1.858603452556712909e+01 -3.972743346404423725e+00 1.097216155542718141e+01
1.854686934144510246e+01 -3.944919185489887958e+00 1.095057548581312368e+01
1.850556107976367670e+01 -3.923841142443272201e+00 1.097351012966586303e+01
1.845983348492259069e+01 -3.905719742291183127e+00 1.100156453606476425e+01
1.841907112323746176e+01 -3.877407459586492244e+00 1.098264172305060526e+01
1.836858321036697816e+01 -3.869503793170935957e+00 1.105885272571135935e+01
1.828963619439733890e+01 -3.821838729223407061e+00 1.102096477712983891e+01
1.826432828363015659e+01 -3.803281819628446137e+00 1.100178161127803200e+01
1.818055413707794798e+01 -3.773563463878515822e+00 1.108565765901288103e+01
1.812520685702040169e+01 -3.742338424716828982e+00 1.107506755213408489e+01
1.809696099933589863e+01 -3.730695703002311348e+00 1.108849884221034010e+01
1.804029690570515498e+01 -3.690350645452785017e+00 1.106975273620434130e+01
1.795848236705475287e+01 -3.659636773264648646e+00 1.111099155168103536e+01
1.795015587093250531e+01 -3.652997542667222319e+00 1.110673259365614385e+01
1.787774409455280633e+01 -3.626115251442294962e+00 1.113554007327195450e+01
1.787774409455280633e+01 -3.626115251442294962e+00 1.113554007327195450e+01
1.781319961498900994e+01 -3.599088751797204111e+00 1.113294096032373837e+01
1.773649469750939289e+01 -3.581419539288593246e+00 1.115385435908465084e+01
1.766702190460515709e+01 -3.557779158403441944e+00 1.114541560159487332e+01
1.764979411752128868e+01 -3.552927378611051346e+00 1.114694591057275019e+01
1.759328853014065430e+01 -3.541864316216966291e+00 1.116426423880057861e+01
1.755733226971109673e+01 -3.532858070998443623e+00 1.116901725464086681e+01
1.745896117370301326e+01 -3.489439400991781071e+00 1.114898974800244602e+01
1.743914462825847167e+01 -3.483353142445432926e+00 1.115121551185417559e+01
1.740800984244584981e+01 -3.476688437553351108e+00 1.116197655755869889e+01
1.733284747250699454e+01 -3.454369789992953521e+00 1.117312156388581279e+01
1.732628002076691942e+01 -3.454594528125903174e+00 1.117798346091326067e+01
1.724077132543436619e+01 -3.457159435045340956e+00 1.120611307141316004e+01
1.721704204875272382e+01 -3.445829962207746178e+00 1.118767631591634704e+01
1.712514692563264518e+01 -3.436752882629536821e+00 1.119230753333016715e+01
1.712514692563264518e+01 -3.436752882629536821e+00 1.119230753333016715e+01
1.703124084324603871e+01 -3.414219971080593830e+00 1.117544032970904766e+01
1.701886463842173924e+01 -3.411047733958372241e+00 1.117412831088863001e+01
1.697142957430047971e+01 -3.392933414208070708e+00 1.115268628968568976e+01
1.692837849408007855e+01 -3.407583073018229936e+00 1.119881145013859580e+01
1.685503069248662911e+01 -3.390486746422808118e+00 1.116676218431564394e+01
1.684340351076765430e+01 -3.389751162503156223e+00 1.116681074889086211e+01
1.680296161982865044e+01 -3.372948803388771122e+00 1.113719144203680678e+01
1.680296161982865044e+01 -3.372948803388771122e+00 1.113719144203680678e+01
1.667870843031349182e+01 -3.386489737467440087e+00 1.117979723378580559e+01
1.667870843031349182e+01 -3.386489737467440087e+00 1.117979723378580559e+01
1.662282316622975031e+01 -3.378514606000972975e+00 1.116059994975088721e+01
1.656235250911019818e+01 -3.377487515823646369e+00 1.116442197624246013e+01
1.654376038705822083e+01 -3.364448363997519120e+00 1.112405362574591727e+01
1.648786530327175370e+01 -3.351152173314801086e+00 1.109930646673676868e+01
1.645319263445975366e+01 -3.374468633879914581e+00 1.115445725628412177e+01
1.642594281941003942e+01 -3.369119074402193270e+00 1.112777950930549054e+01
1.642594281941003942e+01 -3.369119074402193270e+00 1.112777950930549054e+01
1.632808025524315099e+01 -3.380181405057625987e+00 1.112409184560504549e+01
1.627804142945576871e+01 -3.387922894067995294e+00 1.112807107145155427e+01
1.625269966487057616e+01 -3.387776073045557279e+00 1.111875520563942388e+01
1.625269966487057616e+01 -3.387776073045557279e+00 1.111875520563942388e+01
1.617996051693986459e+01 -3.386344697200771581e+00 1.110417327817635069e+01
1.611168062544850343e+01 -3.385992372900133773e+00 1.109287746527136953e+01
1.611168062544850343e+01 -3.385992372900133773e+00 1.109287746527136953e+01
1.611168062544850343e+01 -3.385992372900133773e+00 1.109287746527136953e+01
1.603321777837853190e+01 -3.411748098777604099e+00 1.112773118699483632e+01
1.597579084388476645e+01 -3.397558025788986136e+00 1.109009923259485397e+01
1.597579084388476645e+01 -3.397558025788986136e+00 1.109009923259485397e+01
1.586599110854928085e+01 -3.380788456832576561e+00 1.106387332204471363e+01
1.586599110854928085e+01 -3.380788456832576561e+00 1.106387332204471363e+01
1.584102120124305202e+01 -3.408905833239987082e+00 1.109539662316820952e+01
1.579106501351429692e+01 -3.387776769483082262e+00 1.106378327403497508e+01
1.575809611390071474e+01 -3.375084153868282755e+00 1.104700717539687815e+01
1.571603885558196900e+01 -3.401922981103703503e+00 1.107337611246093090e+01
1.568476396233754500e+01 -3.389302143381629051e+00 1.105681768582375568e+01
1.559987794198430322e+01 -3.412415708435950101e+00 1.106160834942630444e+01
1.559987794198430322e+01 -3.412415708435950101e+00 1.106160834942630444e+01
1.554557257720011343e+01 -3.430302818777535290e+00 1.106537060943341189e+01
1.549587433182742657e+01 -3.449494547835691094e+00 1.107808305181898945e+01
1.549587433182742657e+01 -3.449494547835691094e+00 1.107808305181898945e+01
1.536006700474515796e+01 -3.453504744753049138e+00 1.104184806585432455e+01
1.536006700474515796e+01 -3.453504744753049138e+00 1.104184806585432455e+01
1.536006700474515796e+01 -3.453504744753049138e+00 1.104184806585432455e+01
1.528296222621825962e+01 -3.470704734440208661e+00 1.103320192895618490e+01
1.522757840097026616e+01 -3.488247258313343035e+00 1.103423410612207967e+01
1.519169141035184012e+01 -3.498573142063131858e+00 1.103339339647384065e+01
1.511656105455420374e+01 -3.498686923787724723e+00 1.100692502850411714e+01
1.511656105455420374e+01 -3.498686923787724723e+00 1.100692502850411714e+01
1.507691402980978168e+01 -3.522499104665290925e+00 1.102116820025034727e+01
1.500764685768049489e+01 -3.552584944971282965e+00 1.102507478518733564e+01
1.495146619580212821e+01 -3.540690277012323861e+00 1.099229981737905604e+01
1.491895567376682408e+01 -3.573491809695889643e+00 1.100135924238077401e+01
1.487682857556098526e+01 -3.565130406905664628e+00 1.098150451072159939e+01
1.480635944503359624e+01 -3.580324345957482279e+00 1.096667802505674061e+01
1.476895827236462111e+01 -3.599570391032318462e+00 1.096398165016837112e+01
1.471183496643448230e+01 -3.632542992479707689e+00 1.096711966244899017e+01
1.471183496643448230e+01 -3.632542992479707689e+00 1.096711966244899017e+01
1.464600373794757360e+01 -3.659956016203768314e+00 1.095851760702858613e+01
1.457176941593269071e+01 -3.686969210930390872e+00 1.094280460602160154e+01
1.456481774471305002e+01 -3.715019525243459242e+00 1.097540927963482460e+01
1.447061149742970265e+01 -3.789930357423427321e+00 1.098673843402869110e+01
1.443685777231736367e+01 -3.733987141439707003e+00 1.090900346901070606e+01
1.437805831053984207e+01 -3.811074187279598124e+00 1.091408207693997667e+01
1.437637184427751080e+01 -3.842220670128871252e+00 1.094468297318178251e+01
1.431835742642666354e+01 -3.886845941661875248e+00 1.093811771985972570e+01
1.427903025435953310e+01 -3.898181580898183007e+00 1.091199550769594140e+01
1.424117417827028653e+01 -3.910280775640521789e+00 1.088856625509605003e+01
1.418958458874955397e+01 -3.981393769413734240e+00 1.092128039423036334e+01
1.414795197968134843e+01 -3.985850266059580704e+00 1.087780763914430437e+01
1.410316225826634273e+01 -4.028392287646230585e+00 1.087543564598416523e+01
1.406540031335228491e+01 -4.080920332697908215e+00 1.089143715610868313e+01
1.403951390939431931e+01 -4.095817796702910130e+00 1.087555880446328160e+01
1.396749212987381128e+01 -4.175977026621320753e+00 1.088912202072650004e+01
1.391815446465161621e+01 -4.233515989070644636e+00 1.091231209213616715e+01
1.386022906590195447e+01 -4.265400604204186763e+00 1.087348343518021210e+01
1.384664573714471558e+01 -4.291840323540720981e+00 1.089257974607577495e+01
1.378945631090481427e+01 -4.326739514177635471e+00 1.083972129416801700e+01
1.375946933679674800e+01 -4.383817690065386685e+00 1.087045733875115694e+01
1.370365742884302662e+01 -4.473597800315478601e+00 1.088125044702034927e+01
1.369203973589583967e+01 -4.480136048852057407e+00 1.086273505386732019e+01
1.365124814829164634e+01 -4.545060312992456275e+00 1.087546735945637622e+01
1.361041196674719167e+01 -4.589581472472416657e+00 1.085163833638742581e+01
1.357644540600099425e+01 -4.631558390362353173e+00 1.083823466367654120e+01
1.355233071565607084e+01 -4.677400650389042625e+00 1.084983306116911805e+01
1.349638798537334416e+01 -4.755769372536971851e+00 1.084364016673146836e+01
1.345886298213951981e+01 -4.823836423118018857e+00 1.086728522067863167e+01
1.345886298213951981e+01 -4.823836423118018857e+00 1.086728522067863167e+01
1.341918933213836596e+01 -4.908163443406820647e+00 1.090812770671857557e+01
1.337944396963376903e+01 -4.960564235459456128e+00 1.088680867156941900e+01
1.332076120086481374e+01 -5.054162887388888414e+00 1.088410544008904779e+01
1.332076120086481374e+01 -5.054162887388888414e+00 1.088410544008904779e+01
1.329499661505962393e+01 -5.116300124781028913e+00 1.090929458027617471e+01
1.324958453741265352e+01 -5.228186393475592553e+00 1.088819962810300623e+01
1.323676977626802476e+01 -5.284359486920831017e+00 1.088394463080399532e+01
1.323990200946674634e+01 -5.315545376323076887e+00 1.089863042004155957e+01
1.323146985124686559e+01 -5.397818837980357110e+00 1.090959651881829728e+01
1.320779738095063038e+01 -5.475734355021385724e+00 1.089365717987153737e+01
1.320779738095063038e+01 -5.475734355021385724e+00 1.089365717987153737e+01
1.319259405755667558e+01 -5.576563440878960165e+00 1.089248083569623482e+01
1.319259405755667558e+01 -5.576563440878960165e+00 1.089248083569623482e+01
1.318641585256830773e+01 -5.698549649130463024e+00 1.089437975162192984e+01
1.318464440581945851e+01 -5.724378600659965066e+00 1.088752673463954501e+01
1.317514800517135143e+01 -5.793340212602380745e+00 1.086036006730980574e+01
1.317727900513271067e+01 -5.825041927028129507e+00 1.085994393864032581e+01
1.317687659809732637e+01 -5.931319909252628975e+00 1.085159551857968552e+01
1.319166484692664021e+01 -5.929601045742847631e+00 1.090003921596746395e+01
1.319163826430087028e+01 -6.032068391055846135e+00 1.093305898018678768e+01
1.317380529984214910e+01 -6.086513642119978584e+00 1.088342563462813750e+01
1.317380529984214910e+01 -6.086513642119978584e+00 1.088342563462813750e+01
1.317214627242601921e+01 -6.174899674181868470e+00 1.090092257531125064e+01
1.317771833728366637e+01 -6.196240031764371992e+00 1.093936954749977097e+01
1.317136864432211318e+01 -6.274614050805983112e+00 1.093684739194097588e+01
1.316638545983571085e+01 -6.323311720432738703e+00 1.093154278054692696e+01
1.316758038318342727e+01 -6.353408351886970173e+00 1.094822766254648627e+01
1.316301414513557866e+01 -6.444277483688046537e+00 1.095747258119328116e+01
1.318092613009025271e+01 -6.478464353672487519e+00 1.101851578113724628e+01
1.318460615197071917e+01 -6.536305678762350801e+00 1.101987434118762366e+01
1.318706567689990017e+01 -6.577293179369129383e+00 1.102660536018949955e+01
1.319299806556964150e+01 -6.631866226215837656e+00 1.103277066507965820e+01
1.319741380488514437e+01 -6.679870017727963294e+00 1.103345778803368482e+01
1.321130558684139267e+01 -6.751931699173512769e+00 1.107593507920559439e+01
1.320588707313819299e+01 -6.773515020174795787e+00 1.102739004360426911e+01
1.322108691765597754e+01 -6.802823067194742279e+00 1.109662934965197145e+01
1.321756460375462439e+01 -6.907726753001856679e+00 1.105580433943112340e+01
1.322953272879090036e+01 -6.965346557519574766e+00 1.109767652428556062e+01
1.323233989191041360e+01 -6.989330921939092001e+00 1.111110337032148188e+01
1.323532280364607594e+01 -7.051656354545984939e+00 1.111674970475180046e+01
1.324680171606335932e+01 -7.082025692790292482e+00 1.118771586768686532e+01
1.325234973789549997e+01 -7.180660273847151664e+00 1.118495990746378155e+01
1.324947303763957329e+01 -7.226687651055014427e+00 1.117392580679059222e+01
1.325487965276668589e+01 -7.258307480183169957e+00 1.118665280278889895e+01
1.325907082254321878e+01 -7.339103330099431943e+00 1.117596275654438642e+01
1.327330482729707128e+01 -7.343972987775837069e+00 1.121714452719731270e+01
1.326807970685840665e+01 -7.424808344065400689e+00 1.120719458152476200e+01
1.327500573173557541e+01 -7.464058839325257821e+00 1.123149242383715851e+01
1.328357640168994358e+01 -7.535121381755954140e+00 1.125760651793948597e+01
1.327544581929239520e+01 -7.568994054705937558e+00 1.124697593176010457e+01
1.329284018279771473e+01 -7.599222477595694691e+00 1.128788038563234153e+01
1.328703312762157829e+01 -7.653337919417133151e+00 1.128462673387657667e+01
1.331195544472292447e+01 -7.738464495808884180e+00 1.134923000842229968e+01
1.330926649499046377e+01 -7.761274510945673555e+00 1.134039841724185038e+01
1.331559974092708565e+01 -7.842235565951310328e+00 1.135028647960693426e+01
1.331051717555324565e+01 -7.857303311948244939e+00 1.134301048842684168e+01
1.332629286000148383e+01 -7.901586045047015894e+00 1.137737861166668729e+01
1.334330659573699407e+01 -7.922620930447949128e+00 1.139846942316601108e+01
1.334711963392351741e+01 -8.045163744239047787e+00 1.141745693890814017e+01
1.334711963392351741e+01 -8.045163744239047787e+00 1.141745693890814017e+01
1.336617780500618125e+01 -8.096490928275649424e+00 1.145119874942884053e+01
1.338770433976121410e+01 -8.135638088019575775e+00 1.148770162097600256e+01
1.340280666872163806e+01 -8.171907728041347241e+00 1.151611435187012589e+01
1.340659938691389819e+01 -8.314020890848016876e+00 1.153067505701272744e+01
1.340624705631582536e+01 -8.317034301404142127e+00 1.153105277519214944e+01
1.342353074255537493e+01 -8.382246460712936553e+00 1.154013323768993970e+01
1.343817835432378871e+01 -8.419148459944352680e+00 1.154542658247284770e+01
1.346238578152656018e+01 -8.507333771732227490e+00 1.156751681141284216e+01
1.346238578152656018e+01 -8.507333771732227490e+00 1.156751681141284216e+01
1.348111800857323317e+01 -8.540156107333176649e+00 1.158316852926044582e+01
1.350419453018414373e+01 -8.598047748939029233e+00 1.161354424245567252e+01
1.355520545103014562e+01 -8.736202061439737321e+00 1.164339838002400640e+01
1.355520545103014562e+01 -8.736202061439737321e+00 1.164339838002400640e+01
1.355520545103014562e+01 -8.736202061439737321e+00 1.164339838002400640e+01
1.359865088757410412e+01 -8.850296073960224774e+00 1.167890856043844749e+01
1.359419164510494227e+01 -8.891867053603498050e+00 1.167431863792798019e+01
1.359419164510494227e+01 -8.891867053603498050e+00 1.167431863792798019e+01
1.363283865927689043e+01 -8.982773413073278590e+00 1.171913248708118793e+01
1.363344794582308594e+01 -9.012476880435382753e+00 1.171917162332563933e+01
1.367416757232637536e+01 -9.071254863936498936e+00 1.176471970775363474e+01
1.368151404260941106e+01 -9.129711076392570845e+00 1.177264586260381485e+01
1.369767810849838341e+01 -9.168964537664672676e+00 1.179538221386885333e+01
1.370642522822472031e+01 -9.236770456837589904e+00 1.181592461565175611e+01
1.373721224237078076e+01 -9.265833113185776071e+00 1.184468792653276203e+01
1.373768675712793907e+01 -9.315654324438778389e+00 1.185184309211340903e+01
1.378962693141707518e+01 -9.385209554529554410e+00 1.189340766611033118e+01
1.378962693141707518e+01 -9.385209554529554410e+00 1.189340766611033118e+01
1.383560714221576404e+01 -9.445984558976013190e+00 1.192394506605269200e+01
1.384149963065056355e+01 -9.522548774371077940e+00 1.192102194405613780e+01
1.389544734144541138e+01 -9.536485567266712593e+00 1.194042470504881237e+01
1.390117140176635147e+01 -9.583519315271448846e+00 1.193461389198248668e+01
1.396932661296280997e+01 -9.624375348664480967e+00 1.196576069124701824e+01
1.397433358677395709e+01 -9.709955120620046287e+00 1.194947129861842683e+01
1.404478070137908929e+01 -9.707831864578281511e+00 1.200151548823750502e+01
1.404135327849117942e+01 -9.807260565744394754e+00 1.196895051926495768e+01
1.411914541828820369e+01 -9.813521303500538195e+00 1.202821429379504181e+01
1.416028917023156630e+01 -9.838682854241401543e+00 1.207221113134777468e+01
1.417958017149362249e+01 -9.888792832486798190e+00 1.205822514340397689e+01
1.420533011117798239e+01 -9.928317555008208117e+00 1.206246730690886970e+01
1.425033919197198529e+01 -9.958226836144373095e+00 1.209160366963172706e+01
1.429475018897375804e+01 -1.000491859188140076e+01 1.211432820046243108e+01
1.434730223993213194e+01 -1.005178858187984048e+01 1.214799595322895343e+01
1.437007810902014882e+01 -1.006656814380817444e+01 1.216135375546631714e+01
1.441591393161642465e+01 -1.010982678094645948e+01 1.220299786456249791e+01
1.445884893458697640e+01 -1.015628705971102796e+01 1.221667220227731399e+01
1.452787968646982009e+01 -1.019526426282804898e+01 1.229077555541793032e+01
1.456152579763941901e+01 -1.023005307323914970e+01 1.230549474790940678e+01
1.462216367058115729e+01 -1.028173202034271760e+01 1.234512596876650292e+01
1.463969198482285705e+01 -1.029711649220107894e+01 1.235427316757760963e+01
1.468349413155042527e+01 -1.035290560831949058e+01 1.235434458616488129e+01
1.472595415850138778e+01 -1.038250791728823152e+01 1.239228931375184395e+01
1.478189854663984271e+01 -1.042373483456528049e+01 1.244640749752683107e+01
1.483474341832133447e+01 -1.048513604716025327e+01 1.246848972457959093e+01
1.483922683223053340e+01 -1.050232210059179749e+01 1.245975555777293664e+01
1.488317622240541915e+01 -1.052202537019900319e+01 1.251781771809212351e+01
1.492498251217186223e+01 -1.055620456215604364e+01 1.255773105831257652e+01
1.494515805252325613e+01 -1.061502124080385379e+01 1.254439271346158336e+01
1.498351380070779726e+01 -1.070112396334067384e+01 1.258563066081650028e+01
1.502133175535163900e+01 -1.069575260363736646e+01 1.260567450355298824e+01
1.507585580128420233e+01 -1.075075722771930664e+01 1.266121661861404846e+01
1.511656512075252934e+01 -1.079702969494642950e+01 1.270869235107330475e+01
1.511656512075252934e+01 -1.079702969494642950e+01 1.270869235107330475e+01
1.518497312498053375e+01 -1.081031597398647293e+01 1.275285508160355796e+01
1.521708180013053635e+01 -1.084878325104283014e+01 1.279648638598534127e+01
1.522907781596272869e+01 -1.085506038844857457e+01 1.280514839248658099e+01
1.528906896254007641e+01 -1.087513702243118630e+01 1.285292263967305537e+01
1.530185320022059159e+01 -1.089094858136257571e+01 1.286437981044286971e+01
1.537864120573397031e+01 -1.093931134776359393e+01 1.293111529067413024e+01
1.537864120573397031e+01 -1.093931134776359393e+01 1.293111529067413024e+01
1.547454083677211933e+01 -1.098894474706159130e+01 1.296797928236320629e+01
1.550430228060559834e+01 -1.102626640459866358e+01 1.297661930427779531e+01
1.550430228060559834e+01 -1.102626640459866358e+01 1.297661930427779531e+01
1.552341815768290090e+01 -1.101336066475507280e+01 1.297782123497380979e+01
1.573478233760346967e+01 -1.114473202308840882e+01 1.297743748545093823e+01
1.573478233760346967e+01 -1.114473202308840882e+01 1.297743748545093823e+01
1.579810966472225786e+01 -1.118719547817007864e+01 1.294211701020589977e+01
1.579810966472225786e+01 -1.118719547817007864e+01 1.294211701020589977e+01
1.579810966472225786e+01 -1.118719547817007864e+01 1.294211701020589977e+01
1.593034154699959615e+01 -1.124239943447447665e+01 1.286297509497083347e+01
1.595331848338389236e+01 -1.127111202576755389e+01 1.284161212938574081e+01
1.597880299077597144e+01 -1.131620176684171319e+01 1.280583182184357938e+01
1.605419052092701548e+01 -1.130344187265454359e+01 1.273516048098720077e+01
1.606915021133427501e+01 -1.131964788909942143e+01 1.269272269731221847e+01
1.607484105823020570e+01 -1.135270227185302616e+01 1.265135926948683220e+01
1.609534060646842946e+01 -1.134501863842478109e+01 1.261971705454892856e+01
1.611657643957788366e+01 -1.136785924732370567e+01 1.255632185916296528e+01
1.615389122349149886e+01 -1.136060719234451000e+01 1.246661181290384768e+01
1.615389122349149886e+01 -1.136060719234451000e+01 1.246661181290384768e+01
1.615801808997068179e+01 -1.138754150421000055e+01 1.242399502787318966e+01
1.618000447330120650e+01 -1.138675149036085443e+01 1.236409021121720109e+01
1.618000447330120650e+01 -1.138675149036085443e+01 1.236409021121720109e+01
1.622947654999934386e+01 -1.136955651068879192e+01 1.228528222826724026e+01
1.623291617128051456e+01 -1.140259824862488358e+01 1.221043788793109997e+01
1.623934863406240936e+01 -1.140921278333505207e+01 1.216437999439327200e+01
1.627761665376829825e+01 -1.140212061657903853e+01 1.207724231713683771e+01
1.627761665376829825e+01 -1.140212061657903853e+01 1.207724231713683771e+01
1.632321929571658004e+01 -1.138030524758453765e+01 1.201455201601410216e+01
1.634029622661189762e+01 -1.136094585839607518e+01 1.193461362084279997e+01
1.636384840452082656e+01 -1.135363512875967018e+01 1.189770360586159192e+01
1.638937251717866062e+01 -1.134344301302489910e+01 1.184330118623912398e+01
1.638643551772511842e+01 -1.133904429571598627e+01 1.180831388105410085e+01
1.643165558039349250e+01 -1.134176722018916372e+01 1.172589921103094923e+01
1.646811256198319739e+01 -1.134613818631880022e+01 1.169554709456531683e+01
1.652992168439855902e+01 -1.136219841768037320e+01 1.159251266852518114e+01
1.652992168439855902e+01 -1.136219841768037320e+01 1.159251266852518114e+01
1.655402983412178131e+01 -1.137688141739484138e+01 1.149040832467848539e+01
1.656634034353366047e+01 -1.138624212261820290e+01 1.142984148627939511e+01
